$ANSIBLE_VAULT;1.1;AES256
39383162316330633565333438353861333539656330636564373137633362393139323163323232
3834666130646662393861376631313666346130653862320a623932383635636163353436613232
66323931323730353135663039613635643431356662313533636537363032643539366363306262
3763643137633735320a643332636639323965616235336562623735303038626639616461353734
30616139643361386162323035633831386664613937623631306434396335613839613932316162
30366535356131326533623038363866666462356239383733366465326633626665393364306438
35363266636639333732613638343939316461353531623939343639373634656364313339653738
37366463393539396134633265663435376532663635623964663938373635663335323432383630
63323937366235393362353362636634356631363263316133313931333138656261663331623338
63363662396637623433613739386636376666646561366630343533303462323432356237636565
30663439343135656563373433663334616231366363343237616665666334396433633734386661
30383763353835623964333234653634393663623538303464356136653461373166396537343064
64366562333531353135646265306363663037663333306132393239323663396438613638313935
31623931326339326233656632336636393331336366636566316363313563613336353332633830
36653264303533653734373730656536333735333866353365613239323762333639303932346665
39313766613435656631363433343234323335643130376335396465386233343664353935396431
35366430346231343931396666663135633161616565646437306461663238356430333331653165
34656463366635393162366266306166366636343939663563386431613865643238646265653230
37383639623236313737613862616231336335353463393135343834336631336534346436653762
61626530333562383262313335626462656665623430313037646439653237663532396131666139
31353732306136333038333163336165303131393363333966313233363334376464653663316161
31656339656463326137653239313164333037356339653730353164363263393565373730336539
36663638303166373439323631386534626339653866386338343337316537653333643466623864
31303337623962333834383031663433396338653866356465353862636265303463623931363034
64303962303261333032616237613161386534623463653363343565626164356363303836643733
37623736343830376163343235336433656165313739633761356661326139386530656661323931
32363231396536313139333135663639653162336165313930343262646261323137613262393733
36646531326562343563626463333830373733303032373236646236636436633334323833313634
31333666316163356230653336653634653739373431316662313232633337366335393831356663
33393566346635303633306435643861643166383731386163343761633135353231313064383433
35363533636333383766343663623931383564643334633335323761653533666264343133663234
32633134396437313364376661346261363633386465626636616330383934626565393161613430
38366139313931663763303633326338636338366138393136386166613463316636623866353363
31363336646436333032646262636631303330396137613831646231363864623634306530313466
64643966653537323262373933323766366534336231346432636133343532313332363234663135
38343430383934363535306338396161313330366637363734643635306330636265656230626562
39383739646239383633343239623236376238316263303564636661386362383865613361396137
31353832353761383864306465333537303930643931643561366438643631343334336663646264
36613864363666353733656230336636613331383631313938396364343831393538366365613838
34653562373531643361393266353434663165623861393335366134356631373733623366376461
64616464336231643539393139393138616132636430323332363064643466333065396535316366
66633936643437366539633131333266383761346232326161623235356265666535626462626331
37343262363965373133326334313931346664306232636232643337646339323932303930326533
61316532316631646563646131376439383935613463613039306130663461616532643563383637
66363662656365663933313431336239376531366237343866383064633163623966336335666536
39613161326334306462303138666336623261663039376631353765363064623636626234653438
63633230306330313862323834643764636435653239316435363438373661373234613635313334
61613932326265393635636166666262323534373833643839343631376237316164663236333361
33653763373134386636356137646166303330633438663461636564356663653637363931376634
37383065613462613861643235393866373863333338333737346135396237336263386236666439
64363764393236383462313564626563626566613436366661373033613830636436623131326336
66626464653563303335623033623463633131666361663466356435376561353766393933323166
31353339386465353032353837393263316533316131666465383131663263306332366139316237
32306635303538376561353461363233313234363434376234383165326531363564613730343338
66643632343536333438623139633637333635623238353063373830653131343933383935336135
66393731363337663563666137313730363834396233646632336164326130663936323932373831
63646636653733346139663462643566373465383833373563383735356136343066613737653331
66613162356436316466633732643237353864396231333066333230616263633131393638343938
30306339666631373837363439656562333131323664646534623831346438323764366463313135
35373834313636636338643666333931383062643939633566376334326330393230323036626137
33663864616536653133333966633738383539623131663932336364333966653764336431303765
32633130613638636334656136626161663731636366613332383661613839346630323438636563
37386361643633393261333439623162666664336233363631396565366265396466666133353639
30633866663737306663663566626666656361393832386161623234346339386331373063656533
39626266663831373230353261613732343535313738373535623338653765613666396232616639
37366461653063393730613331333035353662363664303463633330356234653739666464346235
36363230646661323165306339323237663365313930323936633264396665396533303132363232
36613830336463643565343863326232643063646635356665643462663237313038336639363735
66336661663430663366353038326566343462373232303837613264306235373936393464326539
66353833383665613133323433333163393861653836373738376634376262363663373832386262
61366338376133333731306365616538636338666133613561316462393639353231303838366561
66333030366636306562646237623566306332333635616539663331396334623938366466616230
30623835323563313730653564356263353665613739363461623837306239363762353861623036
61336132333336663363363337313731643234396365613338373530666236623330656566336637
35643165326361386462316335383330666136653433663563636434613863333532346337643865
33363534656262333335623037383938396230313738303032376333633062306435653730323164
31643830643832383538333363333963366530393365386566616461353862646164343664366336
63356239343437303331363663353430303464653364396665633632316362643530633432356435
33343865346533383134363164643962626233303130313564663736373139663833393536376537
31316534643262336462646161333965613835636664336633613330653838313530653737653961
34633137626532363039363637383065343839343836333132643465656466663335323961356338
64653864393136303466383235376334303963393566343434643537326466626539333235333331
65626530333933383130316364656565316363646365613263383432376535656136623831323964
38356333313338613335333565313765363031333966303566303939373034316332336239373637
30313639663862303762613364653737313336613965346462616665376639376233646631353636
35383362646165343034663063346466663663633031393039623230666566323862653736636162
36656565396463393232346133663163646431613361396435613338663566336162643837353132
66653666393761326335373734346639336464623561363330313065303837383735656438373233
62653862666235333433396261653234346637363965373739646564353931356435
